1 0.712402 0.050781 0.012695 0.011719
1 0.786621 0.051758 0.014648 0.013672
1 0.860352 0.050291 0.021484 0.010742
1 0.880371 0.088379 0.012695 0.014648
1 0.935059 0.108887 0.016602 0.012695
1 0.859861 0.108398 0.016602 0.013672
1 0.731934 0.141602 0.014648 0.019531
1 0.711914 0.106934 0.015625 0.012695
1 0.637695 0.105469 0.017578 0.013672
1 0.510254 0.104492 0.014648 0.011719
1 0.488771 0.104492 0.020508 0.013672
1 0.710938 0.162109 0.015625 0.011719
1 0.732422 0.163574 0.013672 0.016602
1 0.835449 0.163086 0.020508 0.011719
1 0.981934 0.202148 0.012695 0.009766
1 0.090332 0.194336 0.016602 0.011719
1 0.192381 0.157715 0.015625 0.012695
1 0.239746 0.140137 0.014648 0.012695
1 0.190431 0.141111 0.017578 0.012695
1 0.535645 0.104981 0.018555 0.012695
1 0.562012 0.104492 0.016602 0.015625
1 0.611816 0.105957 0.012695 0.014648
1 0.583496 0.105957 0.012695 0.012695
1 0.611328 0.143066 0.015625 0.010742
1 0.637695 0.142091 0.013672 0.014648
1 0.683594 0.162598 0.017578 0.012695
1 0.658691 0.163574 0.014648 0.014648
1 0.710938 0.141602 0.015625 0.015625
1 0.684082 0.143066 0.018555 0.012695
1 0.658201 0.141111 0.013672 0.014648
1 0.659181 0.107422 0.013672 0.015625
1 0.685547 0.106445 0.019531 0.013672
1 0.733398 0.107911 0.015625 0.016602
1 0.760254 0.106445 0.018555 0.011719
1 0.786621 0.108398 0.018555 0.015625
1 0.759277 0.143555 0.018555 0.011719
1 0.786131 0.143066 0.015625 0.014648
1 0.833496 0.107422 0.022461 0.011719
1 0.808105 0.108887 0.016602 0.014648
1 0.806641 0.141111 0.013672 0.016602
1 0.833008 0.144041 0.019531 0.014648
1 0.859861 0.143066 0.014648 0.014648
1 0.758301 0.163574 0.020508 0.012695
1 0.785645 0.164551 0.016602 0.014648
1 0.805176 0.163574 0.012695 0.014648
1 0.908691 0.108887 0.018555 0.014648
1 0.881348 0.109375 0.014648 0.015625
1 0.881836 0.143066 0.015625 0.014648
1 0.955078 0.109375 0.015625 0.013672
1 0.956055 0.087891 0.015625 0.015625
1 0.956541 0.052734 0.014648 0.015625
1 0.982422 0.051758 0.019531 0.013672
1 0.906738 0.087402 0.018555 0.014648
1 0.934571 0.086914 0.017578 0.015625
1 0.936035 0.052734 0.018555 0.013672
1 0.908691 0.052734 0.022461 0.013672
1 0.882812 0.053221 0.017578 0.012695
1 0.833984 0.050781 0.017578 0.013672
1 0.859375 0.086426 0.017578 0.016602
1 0.833984 0.087402 0.015625 0.012695
1 0.808105 0.086426 0.014648 0.014648
1 0.807129 0.051758 0.014648 0.015625
1 0.759277 0.050781 0.022461 0.013672
1 0.733398 0.051271 0.013672 0.014648
1 0.732422 0.084961 0.015625 0.015625
1 0.759766 0.086426 0.019531 0.012695
1 0.786621 0.086914 0.018555 0.015625
1 0.685059 0.049805 0.016602 0.013672
1 0.658691 0.049805 0.014648 0.011719
1 0.659668 0.086426 0.014648 0.012695
1 0.710449 0.085938 0.016602 0.015625
1 0.684571 0.087402 0.015625 0.010742
1 0.936035 0.201661 0.010742 0.010742
1 0.983887 0.088867 0.012695 0.011719
1 0.984375 0.145996 0.011719 0.010742
1 0.937012 0.145996 0.010742 0.010742
1 0.910156 0.145508 0.011719 0.009766
1 0.908201 0.200684 0.011719 0.012695
1 0.881836 0.164551 0.013672 0.010742
1 0.881348 0.201172 0.010742 0.011719
1 0.861328 0.201172 0.011719 0.011719
1 0.834471 0.200684 0.012695 0.010742
1 0.787109 0.201172 0.011719 0.011719
1 0.760742 0.200195 0.013672 0.011719
1 0.732911 0.200195 0.012695 0.011719
1 0.713867 0.199707 0.011719 0.010742
1 0.685547 0.199219 0.013672 0.011719
1 0.658691 0.199707 0.010742 0.010742
1 0.638672 0.199219 0.011719 0.011719
1 0.611816 0.199707 0.010742 0.010742
1 0.583496 0.199219 0.010742 0.009766
1 0.564941 0.199219 0.010742 0.009766
1 0.537598 0.198242 0.012695 0.011719
1 0.510254 0.161621 0.012695 0.012695
1 0.585449 0.161621 0.012695 0.012695
1 0.509277 0.199219 0.010742 0.009766
1 0.537598 0.142578 0.010742 0.011719
1 0.565431 0.143066 0.011719 0.012695
1 0.463867 0.198242 0.011719 0.011719
1 0.389161 0.197266 0.010742 0.009766
1 0.362305 0.160645 0.013672 0.010742
1 0.464355 0.162109 0.012695 0.009766
1 0.465821 0.141602 0.015625 0.011719
1 0.491211 0.141111 0.009766 0.010742
1 0.464355 0.104004 0.010742 0.010742
1 0.437012 0.084471 0.012695 0.012695
1 0.489746 0.084961 0.010742 0.011719
1 0.417481 0.085449 0.012695 0.012695
1 0.361816 0.196777 0.010742 0.010742
1 0.342285 0.197266 0.010742 0.011719
1 0.213379 0.159181 0.012695 0.013672
1 0.212402 0.139648 0.010742 0.011719
1 0.268066 0.140137 0.010742 0.012695
1 0.315431 0.104004 0.011719 0.012695
1 0.315918 0.140137 0.012695 0.012695
1 0.342771 0.104492 0.013672 0.013672
1 0.362791 0.104492 0.014648 0.013672
1 0.389648 0.140625 0.011719 0.011719
1 0.416992 0.141111 0.011719 0.012695
1 0.361328 0.141111 0.011719 0.010742
1 0.166992 0.160156 0.015625 0.013672
1 0.138184 0.195801 0.010742 0.012695
1 0.119629 0.195312 0.012695 0.011719
1 0.063965 0.195312 0.012695 0.011719
1 0.044922 0.195801 0.011719 0.010742
1 0.043945 0.214355 0.013672 0.010742
1 0.042969 0.251951 0.013672 0.011719
1 0.240721 0.197266 0.012695 0.011719
1 0.314941 0.197266 0.012695 0.011719
1 0.315431 0.159668 0.011719 0.012695
1 0.538086 0.161621 0.013672 0.012695
1 0.612305 0.162598 0.013672 0.012695
1 0.806152 0.200684 0.012695 0.010742
1 0.955078 0.201172 0.011719 0.011719
1 0.982911 0.165527 0.012695 0.014648
1 0.983398 0.107911 0.011719 0.012695
1 0.954102 0.334471 0.013672 0.010742
1 0.954102 0.315431 0.013672 0.009766
